// [META] {"title":"千本櫻","textNotation":"jianpu","storageFormat":"numbered-text@1","ppq":96}
M: -6 -6 -5 -6 -6 -5 -6 -6 -5 -6 -6 +1 -6- -6 -6 -5
M: -6 -6 -5 -6 -6 -5 -5 -4 1 -4 5 1 5 -5 2 -5
M: 5 2 5 -6 3 -6 5 3 5 -6 3 +1 7 -6 3 -4
M: 1 -4 5 1 5 -5 2 -5 5 2 5 -6 3 -6 3 -6
M: +1 3 6 -6 3 -4 1 -4 5 1 5 -5 2 -5 5 2
M: 5 -6 3 -6 5 3 5 -6 3 +1 7 -6 3 -4 1 6
M: -4 1 +1 -5 2 +3 -5 +1 2 5- -6 3 +1 7 -6 3
M: -6 3 -6 3 -4 1 -4 5 1 5 -5 2 -5 5 2 5
M: -6 3 -6 5 3 5 -6 3 +1 7 -6 3 -4 1 -4 5
M: 1 5 -5 2 -5 5 2 5 -6 3 -6 3 -6 +1 3 6
M: -6 3 -4 1 -4 5 1 5 -5 2 -5 5 2 5 -6 3
M: -6 5 3 5 -6 3 +1 7 -6 3 -4 1 +5 -4 +5 1
M: +2 -5 2 -5 2- -6 3 6 -6 3 -6 3 -6 3- -6 3
M: -6 3 5 -6 3 -6 3- -4 1 -4 1 5 -5 2 -5 2-
M: -6 3 -6 3 5 -6 3 -6 3- -4 1 -4 1 +2 -5 2
M: -5 2- -6 3 -6 3 5 -6 3 -6 3- -4 1 -4 1 5
M: -5 2 -5 2- -6 3 -6 3 5 -6 3 -6 3- -4 1 -4
M: 1 +2 -5 2 -5 2- -4 1 -4 1 -5 2 -5 2 -1 -5
M: 6 5 -1 -5 -1 -5 -1 -5 -4 1 -4 1 -5 2 -5 2
M: -6 3 -6 3 -6 3 -6 3 -4 1 -4 1 -5 2 -5 2
M: -1 -5 6 5 -1 -5 -1 -5 -1 -5 -2 -2 -2 -2 -2- -3
M: -3 -3 -3 6 +1 -4 1 +2 -4 1 -5 2 -5 2- -1 -5
M: -1 -5 -1 -5 -1 -5 -4 1 +2 -4 1 -5 2 -5 2- -6
M: 3 -6 3 -6 3 -6 3 -4 1 +2 -4 1 -5 2 -5 2-
M: -1 -5 -1 -5 -1 -5 -1 -5 -4 1 -4 1 -5 2 -5 2
M: -6 3 -6 3 -6 3 -6 3 -4 1 +2 -4 1 -5 2 -5
M: 2- -1 -5 -1 -5 -1 -5 -1 -5 -4 1 +2 -4 1 -5 2
M: -5 2- -6 3 -6 3 -6 3 -6 3 -4 1 +2 -4 1 -5
M: 2 -5 2- -1 -5 -1 -5 -1 -5 -1 -5 -4 1 -4 1 -5
M: 2 -5 2 -6 3 -6 3 -6 3 -6 3 -4 1 -4 5 1
M: 5 -5 2 -5 5 2 5 -6 3 -6 5 3 5 -6 3 +1
M: 7 -6 3 -4 1 -4 5 1 5 -5 2 -5 5 2 5 -6
M: 3 -6 3 -6 +1 3 6 -6 3 -4 1 -4 5 1 5 -5
M: 2 -5 5 2 5 -6 3 -6 5 3 5 -6 3 +1 7 -6
M: 3 -4 1 6 -4 1 +1 -5 2 +3 -5 +1 2 5- -6 3
M: +1 7 -6 3 -6 3 -6 3 -4 1 -4 5 1 5 -5 2
M: -5 5 2 5 -6 3 -6 5 3 5 -6 3 +1 7 -6 3
M: -4 1 -4 5 1 5 -5 2 -5 5 2 5 -6 3 -6 3
M: -6 +1 3 6 -6 3 -4 1 -4 5 1 5 -5 2 -5 5
M: 2 5 -6 3 -6 5 3 5 -6 3 +1 7 -6 3 -4 1
M: +5 -4 +5 1 +2 -5 2 -5 2- -6 3 6 -6 3 -6 3
M: -3 3- -6 -6 -5 -6
C1: 3 3 2 3 3 2 3 3 2 3 3 0 3- 3 3 2
C1: 3 3 2 3 3 2 2 +2 +3 6 0 6 0 +2 +3 6
C1: 0 6 0 +2 +3 6 0 6 0 +1 7 0- 6 5 +2 +3
C1: 6 0 6 0 +2 +3 6 0 6 0 +2 +3 +5 +1 7 0
C1: 7 0 5 0 +2 +3 6 0 6 0 +2 +3 6 0 6 0
C1: +2 +3 6 0 6 0 +1 7 0- 6 5 6 5 0 +1 6
C1: 0 +2 +2 0 +5 0 3 0- +1 7 0- 6 5 6 0 6
C1: +1 +2 +3 6 0 6 0 +2 +3 6 0 6 0 +2 +3 6
C1: 0 6 0 +1 7 0- 6 5 +2 +3 6 0 6 0 +2 +3
C1: 6 0 6 0 +2 +3 +5 +1 7 0 7 0 5 0 +2 +3
C1: 6 0 6 0 +2 +3 6 0 6 0 +2 +3 6 0 6 0
C1: +1 7 0- 6 5 +2 +3 0 +6 0 +3 0 6 +1 +2 +3-
C1: 6 0-. 5 6 0--- 6 0 6 0- 6 +1 +1 +2- 6 0 6
C1: 0- 6 5 3 5- 6 0 6 0- 6 +1 +2 +3- +3 0 +2
C1: +3 0 +1 0 6 0- 6 0 6 0- 6 +1 +1 +2- 6 0
C1: 6 0- 6 5 3 5- 6 0 6 0- 6 +1 +2 +3- +3 0
C1: +2 +3 0 +1 0 6 0- +1 0 7 0 6 0 5 0 5
C1: 5 0- 3 2 3 0-. 3 5 6 0 +2 0 7 0 +1 0
C1: 7 5 6 0-. +1 0 7 0 6 0 5 0 5 5 0- 3
C1: 2 3 0 3 5 -6 -6 -6 -6 -6- -7 -7 -7 -7 0- +2
C1: 0-. +3 +3 0- +3- +5 +6 +2 +1 +3 0 6 +1 +2 0-. +3
C1: +3 0- +3- +4 +3 +2 +1 +1 0 6 +1 +2 0-. +3 +3 0-
C1: +3- +5 +6 +2 +1 +3 0 6 +1 +4 0 +3 0 +2 0 +1
C1: 0 +2 +3 7 5 6 0 6 +1 +2 0-. +3 +3 0- +3- +5
C1: +6 +2 +1 +3 0 6 +1 +2 0-. +3 +3 0- +3- +4 +3 +2
C1: +1 +1 0 6 +1 +2 0-. +3 +3 0- +3- +5 +6 +2 +1 +3
C1: 0 6 +1 +4 0 +3 0 +2 0 +1 0 +2 +1 +3 +5 +6
C1: 0-. +2 +3 6 0 6 0 +2 +3 6 0 6 0 +2 +3 6
C1: 0 6 0 +1 7 0- 6 5 +2 +3 6 0 6 0 +2 +3
C1: 6 0 6 0 +2 +3 +5 +1 7 0 7 0 5 0 +2 +3
C1: 6 0 6 0 +2 +3 6 0 6 0 +2 +3 6 0 6 0
C1: +1 7 0- 6 5 6 5 0 +1 6 0 +2 +2 0 +5 0
C1: 3 0- +1 7 0- 6 5 6 0 6 +1 +2 +3 6 0 6
C1: 0 +2 +3 6 0 6 0 +2 +3 6 0 6 0 +1 7 0-
C1: 6 5 +2 +3 6 0 6 0 +2 +3 6 0 6 0 +2 +3
C1: +5 +1 7 0 7 0 5 0 +2 +3 6 0 6 0 +2 +3
C1: 6 0 6 0 +2 +3 6 0 6 0 +1 7 0- 6 5 +2
C1: +3 0 +6 0 +3 0 6 +1 +2 +3- 6 0-. 5 6 0 3
C1: 0- 3 3 2 3
C2: 6 6 5 6 6 5 6 6 5 6 0--- 6 6 5 6 6
C2: 5 6 +1 +2 +3 0--------.. 0--------.. 0--------.. 0--------.. 0--------.. 0--------.. 0--------.. 0--------.. 0--------.. 0--------.. 0--------..
C2: 0--------.. 0--------.. 0--------.. 0--------.. 0--------.. 0--------.. 0--------.. 0--------.. 0--------.. 0-. 6 6 6 +1 +2- 7
C2: 7 7 7 0--------.. 0--------.. 0--------.. 0--------.. 0--------.. 0--------.. 0--------.. 0--------.. 0--------.. 0--------.. 0--------.. 0--------.. 0--------..
C2: 0--------.. 0--------.. 0--------.. 0--------.. 0--------.. 0--------.. 0--------.. 0-------. 0 6 6 5 6
