// [META] {"title":"?芾??勗?","bpm":90,"timeSigNum":4,"timeSigDen":4,"charResolution":8,"globalKeyOffset":0,"accidentals":{},"scaleMode":"major","tone":"piano","reverb":true,"storageFormat":"numbered-text@1","textNotation":"jianpu","ppq":96}
M: -4 +1 +1 +1 +1 +1 +1 +1 7 5 -5 5 -6 +1 +1 +1
M: +1 +1 +1 +1 7 5 -5 5 -4 +1 +1 +1 +1 +1 +2 -5
M: 5 5 5 5 3 -6 6 6 1 -7 -5- -4 +1 +1 -6 +1
M: +1 +1 -6 +1 +1 7 5 -5 5 -6 +1 +1 1 +1 +1 +1
M: 1 +1 +1 7 5 -5 5 -4 +1 +1 -6 +1 +1 +1 +2 -5
M: 5 5 -7 5- 5 3 -6 6 1 1 -7 2 -4 1 3 6
M: 5 -5 7 2 7 5 7 6 -6 +1 1 +1 3 5 3 -3
M: 6 -5 6 2 -4 1 3 6 5 -5 7 2 7 5 7 6
M: -1 +1 -5 +1 2 -5 1- -5 +2 +3 -4 +1 1 6 3 2
M: 3 -5 1 -2 -6 -5- +2 +3 -6 +1 1 5 3- 5 3 -3
M: 6 -5 6 2- +3 -4 +1 1 6 3 +2 +3 -5 +1 2 6
M: 5 6 +2- -1 -5 2 -5 1- -5 6 +1 +2 -4 +3 +3 +3
M: -6 +3 +3 -5 +2 +2 +2 -7 +2- +2 -6 +1 +1 +1 1 +1-
M: +1 -3 5 5 5 -5 6 +1 +2- -4 +3 +3 +3 -6 +3 +3
M: +5 -5 +3 +3- -7 +3 +2 +1 -1 +3 +3 -5 -5 1 -5 6
M: +1 +2 -4 +3 +3 +3 -6 +3 +3- +3 -5 +2 +2 +2 -7 +2
M: +2 +2 -6 +1 +1 +1 1 +1 +1 +1 -3 5 5 5 -5 6
M: +1 +2- -4 +3 +3 +3 -6 +3 +3 +5 -5 +3 +3- -7 +3 +2
M: +1 -1 +3 +3 -5 -5 1 -5 +2 +3 -4 +1 +1 -6- -5 2
M: 5 +2 +3 -1 +1 +1 -5 -5 1 4 +6 +5 5 +7 +7- 7
M: 6 -6 +1 +1 5 3 -3 6 6 5 -4 6 5 -5 7 7-
M: 7 6 -1 +1 -5 +1 2 -5 1- -5 +2 +3 -4 +1 1 6
M: 3 2 3 -5 1 -2 -6 -5- +2 +3 -6 +1 1 5 3- 5
M: 3 -3 6 -5 6 2- +3 -4 +1 1 6 3 +2 +3 -5 +1
M: 2 6 5 6 +2- -1 -5 1 -5 2 1 -5 4 1 -5 -5-
M: -5 6 +1 +2 -4 +3 +3 +3 -6 +3 +3 -5 +2 +2 +2 -7
M: +2- +2 -6 +1 +1 +1 1 +1- +1 -3 5 5 5 -5 6 +1
M: +2- -4 +3 +3 +3 -6 +3 +3 +5 -5 +3 +3- -7 +3 +2 +1
M: -1 +3 +3 -5 -5 1 -5 6 +1 +2 -4 +3 -6 +3 1 +3
M: -6- +3 -5 +2 -7 +2 2 +2 -7 +2 -6 +1 1 +1 3 +1
M: 1 +1 -3 5 -5 5 2 6 -5 +2- -4 +3 -6 +3 1 +3
M: -6- +5 -5 +3 -7 2 +3 -7 +1 -1 +3 -5 +3 2 -5 1-
M: -5 +2 +3 -4 +1 -6 +1 1 -6- -5 2 5 +2 +3 -1 +1
M: -5 +1 2 1 -4 -6 1 3 5 -4- -5 -7 2 7 6 -1
M: -1 1 5 -1 -1 1 4 -1 -1 1 3 -1 1- -4 1 3
M: 6 -5 2 5 7 -6 -3 -6 -3 -7 -3 -7 -3 1 -3 1
M: -3 2 3 +1- -4 -6 1 3 5 -4 -5 -7 2 7 6 -1
M: -5 5 +5 -5 5 +4 5 -4 5 +3 5 -3 5 5 3 -4
M: 6 1 6 3 6 5 -5 7 2 7 5- 7 6 -6 +1 1
M: +1 3 +3 +2 +1 -3 +2 -5 +3 2- +2 +3 -4 +3 -4 6
M: -4 -4 +3- -5 +1 -5 6 -5 6 -5- -1 -5 -5 2 -5 1
M: 6 +1 +2 -4 +3 +3 +3 1 +3- +3 -5 +2 +2 +2 2 +2-
M: +2 -6 +1 +1 +1 3 +1- +1 -3 5 5 5 2 6 +1 +2-
M: -4 +3 +3 +3 1 +3 +3- +5 -5 +3 +3 2 +3 +2 +1 -1
M: +3 +3 2 3- 6 +1 +2 -4 +3 +3 +3 1 +3 +3 +3 -5
M: +2 +2 +2 -7 +2 +2 +2 -6 +1 +1 +1 1 +1 +1 +1 -3
M: 5 5 5 -5 6 +1 +2- -4 +3 +3 +3 1 +3 +3 +5 -5
M: +3 +3- -7 +3 +2 +1 -1 +3 +3 -5 1- -5 6 +1 +2 -4
M: +3 +3 +3 -6 +3 +3 -5 +2 +2 +2 -7 +2- +2 -6 +1 +1
M: +1 1 +1- +1 -3 5 5 5 -5 6 +1 +2- -4 +3 +3 +3
M: -6 +3 +3 +5 -5 +3 +3- -7 +3 +2 +1 -1 +3 +3 -5 -5
M: 1 -5 6 +1 +2 -4 +3 -6 +3 1 +3 -6- +3 -5 +2 -7
M: +2 2 +2 -7 +2 -6 +1 1 +1 3 +1 1 +1 -3 5 -5
M: 5 2 6 -5 +2- -4 +3 -6 +3 1 +3 -6- +5 -5 +3 -7
M: 2 +3 -7 +1 -1 +3 -5 +3 2 -5 1- -5 +2 +3 -4 +1
M: +1 1 -5 -7- +2 +3 -6 +1 +1 1 -5 -7 +2 +3 -4 +1
M: +1 1 -5 -7 +2 +3 -1 +1 +1 -5 -5 1 +2 +3 -4 +1
M: -6 +1 1 -5 -7- +2 +3 -6 +1 1 +1 3 -3 -5- +2 +3
M: -4 +1 -6 +1 1 -5 -7- +2 +3 -1 +1 -5 +1 2 3 +2
M: +3 4 +1 +1 5 +2 +3 6 +1 +1 3 +2 +3 4 +1 +1
M: 5 +2 1 2 5 +1 +2 +5-
C1: 1 0-----. -7 0 1 0-----. -7 0 1 0---. -7 0---- 1 0---. +1 0-
C1: 1 0-. 1 0--- -7 0 +1 0- 3 0-. 3 0--- -7 0 +1 0-
C1: 1 0---.. 2 0--- 5 0 3 0-. 6 0--- 6 0---. 7 0---. 5 0---
C1: 6 0--- 6 0---. 7 0---- 3- 2 0- +2 0---. 2 0---.. +2 0---.. 5
C1: 0---. +2 0---. +2 0---.. +1 0-. 3- 2 0-. +2 0-. 1 0---. 2 0---..
C1: 3 0---.. 2 0--- +2 0-. 1 0---.. 2 0-. +2 0- 2 0 3 2
C1: 0-. +2 0-. 1 0------- 2 0---.. 3 0---.. 2 0--- +2 0-. 1 0---.. 2
C1: 0-. +2 0- 2 0 3 2 0- +2 0- 1- 0---- +2 0- 2 0
C1: 3 +1 0- +2 0---- 3 0--- -7 0-. 1 0- 2 0---- 7 0---- 3-
C1: 0-. +2 0---. 2 0---.. +2 0---.. 5 0---. +2 0---. +2 0---.. +1 0-----. 1-
C1: 2 0-. +2 0-. 1 0---. 2 0---.. 3 0---.. 2 0--- +2 0-. 1 0---..
C1: 2 0-. +2 0- 2 0 3 2 0-. +2 0 +3 0 3 0---. +2
C1: 0 5 0---- +1 0 +1 0---- 5 0 5 0 +1 0- +2 0 +3
C1: 0 3 0---. +3 5 0 +2 0 +2 0---- 3- 2 0- +2 0-. 3
C1: 0---.. +2 0--- 3 +2 0-. +1 0- 7 0 6 0- 5 -5 0- 4
C1: -5 0- 3 -5 0- 2 0- 6 0-. 7 0-. +1 0-------.. 0 +2 0-.
C1: +1 0 7 0 6 0- 5 +5 0- -7 0-. -6 0-. -5 0-. 5
C1: 0---. 6 0---.. 7 0---.. +2 0---.. +2 0--- +2 0- +2 0---- +2- +1 0---
C1: 3 0-. +2 0-. +3 0---.. +2 0---.. +1 0-------. +2 0-. +3 0---.. +3 0-.
C1: +2 0------- +2 0-. 3 0---.. 2 0---.. 3 0---.. 2 0--- +2 0-. 3 0---..
C1: 2 0-. +2 0- 2 3- 2 0-. +2 0-. 1 0---. 2 0---.. 3 0---..
C1: 2 0--- +2 0-. 1 0---.. 2 0-. +2 0- 2 0 3 2 0-. +2
C1: 0 +3 0 3 0---. +2 0 5 0---- +1 0 +1 0---- 5 0 5
C1: 0 +1 0- +2 0 +3 0 3 0 +3- 0-. +3 5 0 +2 0
C1: +2 0---- 3- 2 0- +2 0- 3 0 2- 0- +2 0- 3 0 2
C1: 0- +2 0- 3 0 2 0- +2 0- 2 0 3 0- +2 0-. 3
C1: 0 2- 0- +2 0---- 2- 0- +2 0-. 3 0 2- 0- +2 0---.. +2
C1: 0---- +2 0---- +2 0--- +1
C2: 3 0-----. 2 0 3 0-----. 2 0 3 0---. 2 0---- 3 0-----. 3 0-.
C2: 3 0--- 2 0-------. 0 2 0--- 3 0-------.. 6 0--------.. 0--------.. 0--------.. 0--------.. 0--------.. 0--------..
C2: 0--------. 0 3 0---. 5 0---.. +1 0-------.. 0- 3 0---.. 5 0-------.. 0-. 3 0-------
C2: 5 0---.. +1 0-------.. 0- 3 0---.. 5 0-------.. 0 3- 0-----. 0- +6 0- +6
C2: 0---- 7 0--- 5 0-. 6 0- 6 0--------.. 0--------.. 0-------.. 0--------. 0-------. 3- 0------- 3
C2: 0---. 5 0---.. +1 0-------.. 0- 3 0---.. 5 0-------.. 0-. +3 0------- +2 0--------. 0-----..
C2: +3 0---.. +3 0--------.. 0--------.. 0--------.. 0--------.. 0--------.. 0--------.. 0-.. +4 0-. +3 0-. +2 0--------..
C2: 0--------.. 0--------.. 0--------.. 0--------.. 0--------.. 0--------.. 0----.. 0- +3 0---.. +2 0---.. +1 0-------.. 0- +3
C2: 0---.. +3 0-------.. 0-. 3 0---. 5 0---.. +1 0-------.. 0- 3 0---.. 5 0-------.. 0-.
C2: +3 0------- +2 0--------. 0-----.. +3 0---.. +3
C3: 0___ +1 0-----. 0- +1 0-----. 0- +1 0-------. 5 0--------.. 0--------.. 0--------.. 0--------.. 0--------.. 0--------..
C3: 0--------.. 0--------.. 0--------.. 0--------.. 0--. +3 0---. +2 0--------. 0-----.. +3 0---.. +3 0-------.. 0-. +3
C3: 0------- +2 0--------. 0-----.. +3 0---.. +3 0--------.. 0--------.. 0--------.. 0--------.. 0--------.. 0--------.. 0--------.. 0--------.. 0----
C3: +3 0---. +2 0--------. 0-----.. +3 0---.. +3 0--------.. 0--------.. 0--------.. 0--------.. 0--------.. 0--------.. 0--------.. 0--------..
C3: 0--------.. 0--------.. 0--------.. 0--------.. 0--------.. 0--------.. 0--------.. 0--------.. 0--------.. 0--------.. 0--------.. 0--------.. 0--------.. 0--------.. 0_ +3
C3: 0---. +2 0--------. 0-----.. +3 0---.. +3
