// [META] {"title":"溯","textNotation":"jianpu","storageFormat":"numbered-text@1","ppq":96}
M: -4 5 3 2 -5 1 5 3 -6 5 3 2 -5 -7 5 3
M: 2 1 -4 1 -4 1 -4 -7 -5 2 -5 -5 -6 3 -6 -6
M: 3 -5 -7 -5 -5 1 -4 1 -4 1 -4 -7 -5 2 -5 -5
M: -6 3 -6 -6 -5 3 -5 4 -5- -4 3 -4 3 -4 2 -5
M: +1 -5 5 -5 3 -6 -6 -6 5 -5 -7 -5 -5 1 -4 -4-
M: -4 5 -5 4 -5 2 -5 3 -6 -6 1 -6 3- -5 +1 7
M: +1 7 -5 3- -4 +5 -4 +3 +2 -4 +1 -5 +1 +5 -5 +3
M: -5- -6 +5 -6 +3 +2 -6 7 -5 7 +5 -5 +3 +2 -5 +1-
M: -4 +5 -4 +3 +2 -4 +1 -5 +1 +5 -5 +3 -5- -6 +5 -6
M: +3 +2 -6 7 -5 +1 7 +1 7 -5 3 -4 +1 -4 -4 -5
M: +2 +1 -5 7- -6 +1 -6 -6 -5 +2 +1 -5 7- -4 6 -4
M: -4 -5 7 7 -5 7- -6 +5 -6 +3 +2 -6 7 -5 7 +5
M: -5 +3 +2 -5 -4 6 -4 -4 -5 +2 +1 -5 7- 6 7 -6
M: +1 -6 -6 -5 +2 +1 -5 7- -4 6 -4 -4 -5 5 5 -5
M: -6 +5 -6 +3 +2 -6 7 -5 +1 7 +1 7 5 3 -4 1
M: -4 1 -4 -7 -5 2 -5 -5 -6 3 -6 -6 3 -5 -7 -5
M: -5 1 -4 1 -4 1 -4 -7 -5 2 -5 -5 -6 3 -6 -6
M: -5 3 -5 4 -5- -4 3 -4 3 -4 2 -5 +1 -5 5 -5
M: 3 -6 -6 -6 5 -5 -7 -5 -5 1 -4 -4- -4 5 -5 -7
M: -5 -5 1 -6 -6- 1 -6 3 -5 +1 7 +1 7 -5 3 -4
M: +5 +3 +2 +1 -5 +1 +5 +3- -6 +5 +3 +2 7 -5 7 +5
M: +3 +2 +1- -4 +5 +3 +2 +1 -5 +1 +5 +3- -6 +5 +3 +2
M: 7 -5 +1 7 +1 7 -5 3 -4 +1 -4 -4 -5 +2 +1 -5
M: 7- -6 +1 -6 -6 -5 +2 +1 -5 7- -4 6 -4 -4 -5 7
M: 7 -5 7- -6 +5 -6 +3 +2 -6 7 -5 7 +5 -5 +3 +2
M: -5 -4 6 -4 -4 -5 +2 +1 -5 7- 6 7 -6 +1 -6 -6
M: -5 +2 +1 -5 7- -4 6 -4 -4 -5 5 5 -5 -6 +5 -6
M: +3 +2 -6 7 -5 +1 7 +1 7 5 3
C1: 1 0-. 1 0-. 1 0-. -7 0---.. -7 0 1 0 1 0 2 0
C1: 2 0 3 0- 3 0 -7 0--- -7 0 1 0 1 0 2 0
C1: 2 0 3 0 2 0 3 0 3- 0- 2 0 3 0 3 0
C1: 7 0---- 1 0-. -7 0---- 1 0-. 3 0---. 2 0---.. 2 0- 1 0
C1: 1 0- 1 0 2 0- 2 0 2- 3 0 3 0- 3 0 2
C1: 0- 2 0- 2 0- 1 0 1 0- 1 0 2 0- 2 0 2-
C1: 3 0 3 0- 3 0 2 0--- 2 0 1 0-. 2 0- 2 0-
C1: 3 0-. 2 0- 2 0- 1 0- +1 2 0- 2 0- 3 0 3
C1: 0- 3 0 2 0- 2 0- 2 1 0-. 2 0- 2 0--- 3 0-.
C1: 2 0- 2 0- 1 0- 6 2 0- 2 3 0 3 0- 3 0
C1: 2 0------- -7 0 1 0 1 0 2 0 2 0 3 0- 3 0
C1: -7 0--- -7 0 1 0 1 0 2 0 2 0 3 0 2 0
C1: 3 0 3- 0- 2 0 3 0 3 0 7 0---- 1 0-. -7 0----
C1: 1 0-. -7 0---. 2 0---. 2 0 1 0--- 2 0--- 3 0--- 2 0---.
C1: 1 0--- 2 0--- 3 0--- 2 0--- 2 0 1 0-. 2 0- 2 0-
C1: 3 0-. 2 0- 2 0- 1 0- +1 2 0- 2 0- 3 0 3
C1: 0- 3 0 2 0- 2 0- 2 1 0-. 2 0- 2 0--- 3 0-.
C1: 2 0- 2 0- 1 0- 6 2 0- 2 3 0 3 0- 3 0
C1: 2
C2: 0--------.. 0--------.. 0--------.. 0--------.. 0--------. 0------.. 0-------. 0--____.. 5 0- +1 0-------. 0 +1 0-------.. 0
C2: +1 0-------. 0 +1 0-----. 0- 5 0 +1 0-. +3 0---- +1 0-. +3 0----
C2: 6 0-. 7 0- +1 0- +1 0-------. 0 6 0-. +3 0---.. +1 0-. +3
C2: 0---- 6 0-. 5 0- 7 +1 0--------.. 0--------.. 0--------.. 0--------.. 0--------.. 0--------.. 0_ 5 0
C2: +1 0-----. +1 0--------.. 0--.. +1 0-----. 5 0 +1 0-. +3 0---- +1 0-. +3
C2: 0---- 6 0-. 7 0- +1 0- +1 0-------. 0 6 0-. +3 0---.. +1 0-.
C2: +3 0---- 6 0-. 5 0- 7 +1
